  x:
   1.0000000   2.0000000   3.0000000   4.0000000
 A:
  6.0000000 -9.4000000 -4.2000000 -9.1000000
  3.5000000 -3.5000000  6.4000000  2.0000000
  5.8000000  6.0000000 -3.1000000 -7.0000000
  0.4000000 -4.7000000 -2.4000000  1.7000000
 b:
  -61.8000000  23.7000000  -19.5000000  -9.4000000
 k= 1 m= 1
 U: 
  1.0000000 -1.5666667 -0.7000000 -1.5166667
  0.0000000  1.9833333  8.8500000  7.3083333
  0.0000000 15.0866667  0.9600000  1.7966667
  0.0000000 -4.0733333 -2.1200000  2.3066667
 L: 
  6.0000000  0.0000000  0.0000000  0.0000000
  0.0000000  0.0000000  0.0000000  0.0000000
  0.0000000  0.0000000  0.0000000  0.0000000
  0.0000000  0.0000000  0.0000000  0.0000000
 k= 2 m= 3
 U: 
  1.0000000 -1.5666667 -0.7000000 -1.5166667
  0.0000000  1.0000000  0.0636323  0.1190897
  0.0000000  0.0000000  8.7237958  7.0721388
  0.0000000  0.0000000 -1.8608042  2.7917587
 L: 
  6.0000000  0.0000000  0.0000000  0.0000000
  5.8000000 15.0866667  0.0000000  0.0000000
  0.0000000  0.0000000  0.0000000  0.0000000
  0.0000000  0.0000000  0.0000000  0.0000000
 k= 3 m= 3
 U: 
  1.0000000 -1.5666667 -0.7000000 -1.5166667
  0.0000000  1.0000000  0.0636323  0.1190897
  0.0000000  0.0000000  1.0000000  0.8106722
  0.0000000  0.0000000  0.0000000  4.3002610
 L: 
  6.0000000  0.0000000  0.0000000  0.0000000
  5.8000000 15.0866667  0.0000000  0.0000000
  3.5000000  1.9833333  8.7237958  0.0000000
  0.0000000  0.0000000  0.0000000  0.0000000
 k= 4 m= 4
 U: 
  1.0000000 -1.5666667 -0.7000000 -1.5166667
  0.0000000  1.0000000  0.0636323  0.1190897
  0.0000000  0.0000000  1.0000000  0.8106722
  0.0000000  0.0000000  0.0000000  1.0000000
 L: 
  6.0000000  0.0000000  0.0000000  0.0000000
  5.8000000 15.0866667  0.0000000  0.0000000
  3.5000000  1.9833333  8.7237958  0.0000000
  0.4000000 -4.0733333 -1.8608042  4.3002610
   1   3   2   4
 L*U-P*A
          0          0          0          0
          0          0          0          0
          0          0 1.77635683940025E-15          0
          0          0 -4.44089209850063E-16 2.22044604925031E-16
 Determinabt=-3395.82150
 x:
   1.0000000   2.0000000   3.0000000   4.0000000
 A
  6.0000000 -9.4000000 -4.2000000 -9.1000000
  3.5000000 -3.5000000  6.4000000  2.0000000
  5.8000000  6.0000000 -3.1000000 -7.0000000
  0.4000000 -4.7000000 -2.4000000  1.7000000
 A^(-1)
 -0.0484669  0.1106492  0.1422542  0.1961366
 -0.0540750 -0.0106425  0.0634444 -0.0156978
  0.0278165  0.0744179 -0.0606819 -0.1885170
 -0.0988270  0.0496021  0.0562650  0.2325440
   A*A^(-1)
          1          0 -1.11022302462516E-16          0
 2.22044604925031E-16          1 -8.32667268468867E-17          0
 2.22044604925031E-16          0          1 -4.44089209850063E-16
 2.77555756156289E-17 4.16333634234434E-17 -1.38777878078145E-17          1
 Число обусловленности матрицы A= 
 Норма-1: 14.2785
 Норма-2: 14.9363
 Норма-3: 10.0648
 A*x-b:
           0           0           0  3.5527136788005E-15
