Вектор x: 
    1.0000000    2.0000000    3.0000000    4.0000000

Исходная матрица А: 
   -9.7000000    5.2000000   -3.2000000   -0.9000000
    1.1000000   -8.3000000   -3.1000000   -8.4000000
    8.0000000    8.2000000   -1.5000000    0.3000000
    8.0000000   -2.0000000    2.2000000   -9.4000000

Вектор b: 
  -12.5000000  -58.4000000   21.1000000  -27.0000000

Построение матрицы U: 

ШАГ 1

Максимальный элемент в столбце 1: 9.7000000
Перестановка строк не требуется 

1-ю строку делим на -9.7000000
    1.0000000   -0.5360825    0.3298969    0.0927835
    1.1000000   -8.3000000   -3.1000000   -8.4000000
    8.0000000    8.2000000   -1.5000000    0.3000000
    8.0000000   -2.0000000    2.2000000   -9.4000000

Из 2-й строки вычитаем 1-ю, умноженную на 1.1000000
    1.0000000   -0.5360825    0.3298969    0.0927835
    0.0000000   -7.7103093   -3.4628866   -8.5020619
    8.0000000    8.2000000   -1.5000000    0.3000000
    8.0000000   -2.0000000    2.2000000   -9.4000000

Из 3-й строки вычитаем 1-ю, умноженную на 8.0000000
    1.0000000   -0.5360825    0.3298969    0.0927835
    0.0000000   -7.7103093   -3.4628866   -8.5020619
    0.0000000   12.4886598   -4.1391753   -0.4422680
    8.0000000   -2.0000000    2.2000000   -9.4000000

Из 4-й строки вычитаем 1-ю, умноженную на 8.0000000
    1.0000000   -0.5360825    0.3298969    0.0927835
    0.0000000   -7.7103093   -3.4628866   -8.5020619
    0.0000000   12.4886598   -4.1391753   -0.4422680
    0.0000000    2.2886598   -0.4391753  -10.1422680

ШАГ 2

Максимальный элемент в столбце 2: 12.4886598
Меняем местами 2-ю и 3-ю строки 
    1.0000000   -0.5360825    0.3298969    0.0927835
    0.0000000   12.4886598   -4.1391753   -0.4422680
    0.0000000   -7.7103093   -3.4628866   -8.5020619
    0.0000000    2.2886598   -0.4391753  -10.1422680

2-ю строку делим на 12.4886598
    1.0000000   -0.5360825    0.3298969    0.0927835
    0.0000000    1.0000000   -0.3314347   -0.0354136
    0.0000000   -7.7103093   -3.4628866   -8.5020619
    0.0000000    2.2886598   -0.4391753  -10.1422680

Из 3-й строки вычитаем 2-ю, умноженную на -7.7103093
    1.0000000   -0.5360825    0.3298969    0.0927835
    0.0000000    1.0000000   -0.3314347   -0.0354136
    0.0000000    0.0000000   -6.0183507   -8.7751114
    0.0000000    2.2886598   -0.4391753  -10.1422680

Из 4-й строки вычитаем 2-ю, умноженную на 2.2886598
    1.0000000   -0.5360825    0.3298969    0.0927835
    0.0000000    1.0000000   -0.3314347   -0.0354136
    0.0000000    0.0000000   -6.0183507   -8.7751114
    0.0000000    0.0000000    0.3193660  -10.0612184

ШАГ 3

Максимальный элемент в столбце 3: 6.0183507
Перестановка строк не требуется 

3-ю строку делим на -6.0183507
    1.0000000   -0.5360825    0.3298969    0.0927835
    0.0000000    1.0000000   -0.3314347   -0.0354136
   -0.0000000   -0.0000000    1.0000000    1.4580592
    0.0000000    0.0000000    0.3193660  -10.0612184

Из 4-й строки вычитаем 3-ю, умноженную на 0.3193660
    1.0000000   -0.5360825    0.3298969    0.0927835
    0.0000000    1.0000000   -0.3314347   -0.0354136
   -0.0000000   -0.0000000    1.0000000    1.4580592
    0.0000000    0.0000000    0.0000000  -10.5268730

ШАГ 4

Максимальный элемент в столбце 4: 10.5268730
Перестановка строк не требуется 

4-ю строку делим на -10.5268730
    1.0000000   -0.5360825    0.3298969    0.0927835
    0.0000000    1.0000000   -0.3314347   -0.0354136
   -0.0000000   -0.0000000    1.0000000    1.4580592
   -0.0000000   -0.0000000   -0.0000000    1.0000000

Вычисляем матрицу L: 

ШАГ 1

Ставим на позицию (1,1) матрицы L, элемент -9.7000000, 
который берем с той же позиции матрицы А 
   -9.7000000    0.0000000    0.0000000    0.0000000
    0.0000000    0.0000000    0.0000000    0.0000000
    0.0000000    0.0000000    0.0000000    0.0000000
    0.0000000    0.0000000    0.0000000    0.0000000

ШАГ 2

Ставим на позицию (2,1) матрицы L, элемент 8.0000000, 
который берем с той же позиции матрицы А 
   -9.7000000    0.0000000    0.0000000    0.0000000
    8.0000000    0.0000000    0.0000000    0.0000000
    0.0000000    0.0000000    0.0000000    0.0000000
    0.0000000    0.0000000    0.0000000    0.0000000

Ставим на позицию (2,2) матрицы L, элемент 8.2000000, 
который берем с той же позиции матрицы А 
   -9.7000000    0.0000000    0.0000000    0.0000000
    8.0000000    8.2000000    0.0000000    0.0000000
    0.0000000    0.0000000    0.0000000    0.0000000
    0.0000000    0.0000000    0.0000000    0.0000000

Вычитаем из L(2,2) = 8.2000000 произведение L(2,1)*U(1,2) = (8.0000000)*(-0.5360825)
   -9.7000000    0.0000000    0.0000000    0.0000000
    8.0000000   12.4886598    0.0000000    0.0000000
    0.0000000    0.0000000    0.0000000    0.0000000
    0.0000000    0.0000000    0.0000000    0.0000000

ШАГ 3

Ставим на позицию (3,1) матрицы L, элемент 1.1000000, 
который берем с той же позиции матрицы А 
   -9.7000000    0.0000000    0.0000000    0.0000000
    8.0000000   12.4886598    0.0000000    0.0000000
    1.1000000    0.0000000    0.0000000    0.0000000
    0.0000000    0.0000000    0.0000000    0.0000000

Ставим на позицию (3,2) матрицы L, элемент -8.3000000, 
который берем с той же позиции матрицы А 
   -9.7000000    0.0000000    0.0000000    0.0000000
    8.0000000   12.4886598    0.0000000    0.0000000
    1.1000000   -8.3000000    0.0000000    0.0000000
    0.0000000    0.0000000    0.0000000    0.0000000

Вычитаем из L(3,2) = -8.3000000 произведение L(3,1)*U(1,2) = (1.1000000)*(-0.5360825)
   -9.7000000    0.0000000    0.0000000    0.0000000
    8.0000000   12.4886598    0.0000000    0.0000000
    1.1000000   -7.7103093    0.0000000    0.0000000
    0.0000000    0.0000000    0.0000000    0.0000000

Ставим на позицию (3,3) матрицы L, элемент -3.1000000, 
который берем с той же позиции матрицы А 
   -9.7000000    0.0000000    0.0000000    0.0000000
    8.0000000   12.4886598    0.0000000    0.0000000
    1.1000000   -7.7103093   -3.1000000    0.0000000
    0.0000000    0.0000000    0.0000000    0.0000000

Вычитаем из L(3,3) = -3.1000000 произведение L(3,1)*U(1,3) = (1.1000000)*(0.3298969)
   -9.7000000    0.0000000    0.0000000    0.0000000
    8.0000000   12.4886598    0.0000000    0.0000000
    1.1000000   -7.7103093   -3.4628866    0.0000000
    0.0000000    0.0000000    0.0000000    0.0000000

Вычитаем из L(3,3) = -3.4628866 произведение L(3,2)*U(2,3) = (-7.7103093)*(-0.3314347)
   -9.7000000    0.0000000    0.0000000    0.0000000
    8.0000000   12.4886598    0.0000000    0.0000000
    1.1000000   -7.7103093   -6.0183507    0.0000000
    0.0000000    0.0000000    0.0000000    0.0000000

ШАГ 4

Ставим на позицию (4,1) матрицы L, элемент 8.0000000, 
который берем с той же позиции матрицы А 
   -9.7000000    0.0000000    0.0000000    0.0000000
    8.0000000   12.4886598    0.0000000    0.0000000
    1.1000000   -7.7103093   -6.0183507    0.0000000
    8.0000000    0.0000000    0.0000000    0.0000000

Ставим на позицию (4,2) матрицы L, элемент -2.0000000, 
который берем с той же позиции матрицы А 
   -9.7000000    0.0000000    0.0000000    0.0000000
    8.0000000   12.4886598    0.0000000    0.0000000
    1.1000000   -7.7103093   -6.0183507    0.0000000
    8.0000000   -2.0000000    0.0000000    0.0000000

Вычитаем из L(4,2) = -2.0000000 произведение L(4,1)*U(1,2) = (8.0000000)*(-0.5360825)
   -9.7000000    0.0000000    0.0000000    0.0000000
    8.0000000   12.4886598    0.0000000    0.0000000
    1.1000000   -7.7103093   -6.0183507    0.0000000
    8.0000000    2.2886598    0.0000000    0.0000000

Ставим на позицию (4,3) матрицы L, элемент 2.2000000, 
который берем с той же позиции матрицы А 
   -9.7000000    0.0000000    0.0000000    0.0000000
    8.0000000   12.4886598    0.0000000    0.0000000
    1.1000000   -7.7103093   -6.0183507    0.0000000
    8.0000000    2.2886598    2.2000000    0.0000000

Вычитаем из L(4,3) = 2.2000000 произведение L(4,1)*U(1,3) = (8.0000000)*(0.3298969)
   -9.7000000    0.0000000    0.0000000    0.0000000
    8.0000000   12.4886598    0.0000000    0.0000000
    1.1000000   -7.7103093   -6.0183507    0.0000000
    8.0000000    2.2886598   -0.4391753    0.0000000

Вычитаем из L(4,3) = -0.4391753 произведение L(4,2)*U(2,3) = (2.2886598)*(-0.3314347)
   -9.7000000    0.0000000    0.0000000    0.0000000
    8.0000000   12.4886598    0.0000000    0.0000000
    1.1000000   -7.7103093   -6.0183507    0.0000000
    8.0000000    2.2886598    0.3193660    0.0000000

Ставим на позицию (4,4) матрицы L, элемент -9.4000000, 
который берем с той же позиции матрицы А 
   -9.7000000    0.0000000    0.0000000    0.0000000
    8.0000000   12.4886598    0.0000000    0.0000000
    1.1000000   -7.7103093   -6.0183507    0.0000000
    8.0000000    2.2886598    0.3193660   -9.4000000

Вычитаем из L(4,4) = -9.4000000 произведение L(4,1)*U(1,4) = (8.0000000)*(0.0927835)
   -9.7000000    0.0000000    0.0000000    0.0000000
    8.0000000   12.4886598    0.0000000    0.0000000
    1.1000000   -7.7103093   -6.0183507    0.0000000
    8.0000000    2.2886598    0.3193660  -10.1422680

Вычитаем из L(4,4) = -10.1422680 произведение L(4,2)*U(2,4) = (2.2886598)*(-0.0354136)
   -9.7000000    0.0000000    0.0000000    0.0000000
    8.0000000   12.4886598    0.0000000    0.0000000
    1.1000000   -7.7103093   -6.0183507    0.0000000
    8.0000000    2.2886598    0.3193660  -10.0612184

Вычитаем из L(4,4) = -10.0612184 произведение L(4,3)*U(3,4) = (0.3193660)*(1.4580592)
   -9.7000000    0.0000000    0.0000000    0.0000000
    8.0000000   12.4886598    0.0000000    0.0000000
    1.1000000   -7.7103093   -6.0183507    0.0000000
    8.0000000    2.2886598    0.3193660  -10.5268730


Ранг исходной матрицы А: 4

Вектор x: 
    1.0000000    2.0000000    3.0000000    4.0000000

Вычисление обратной матрицы: 
Единичная матрица: 
    1.0000000    0.0000000    0.0000000    0.0000000
    0.0000000    1.0000000    0.0000000    0.0000000
    0.0000000    0.0000000    1.0000000    0.0000000
    0.0000000    0.0000000    0.0000000    1.0000000

ШАГ 1

Решим исходную систему, где вектор правых частей равен 1-й строке из матрицы E
Запишем полученный вектор в строку результирующей матрицы
   -0.0618881    0.0618151   -0.0055726   -0.0671271
    0.0000000    0.0000000    0.0000000    0.0000000
    0.0000000    0.0000000    0.0000000    0.0000000
    0.0000000    0.0000000    0.0000000    0.0000000

ШАГ 2

Решим исходную систему, где вектор правых частей равен 2-й строке из матрицы E
Запишем полученный вектор в строку результирующей матрицы
   -0.0618881    0.0618151   -0.0055726   -0.0671271
    0.0245459   -0.0528132   -0.1588085   -0.0050409
    0.0000000    0.0000000    0.0000000    0.0000000
    0.0000000    0.0000000    0.0000000    0.0000000

ШАГ 3

Решим исходную систему, где вектор правых частей равен 3-й строке из матрицы E
Запишем полученный вектор в строку результирующей матрицы
   -0.0618881    0.0618151   -0.0055726   -0.0671271
    0.0245459   -0.0528132   -0.1588085   -0.0050409
    0.0606589    0.0396703   -0.1234288    0.0142965
    0.0000000    0.0000000    0.0000000    0.0000000

ШАГ 4

Решим исходную систему, где вектор правых частей равен 4-й строке из матрицы E
Запишем полученный вектор в строку результирующей матрицы
   -0.0618881    0.0618151   -0.0055726   -0.0671271
    0.0245459   -0.0528132   -0.1588085   -0.0050409
    0.0606589    0.0396703   -0.1234288    0.0142965
   -0.0140733    0.0425423    0.1385083   -0.0949950

ШАГ 5: транспонируем полученную матрицу

   -0.0618881    0.0245459    0.0606589   -0.0140733
    0.0618151   -0.0528132    0.0396703    0.0425423
   -0.0055726   -0.1588085   -0.1234288    0.1385083
   -0.0671271   -0.0050409    0.0142965   -0.0949950

Итак, имеем: 
=============== 
L:
   -9.7000000    0.0000000    0.0000000    0.0000000
    8.0000000   12.4886598    0.0000000    0.0000000
    1.1000000   -7.7103093   -6.0183507    0.0000000
    8.0000000    2.2886598    0.3193660  -10.5268730

U:
    1.0000000   -0.5360825    0.3298969    0.0927835
    0.0000000    1.0000000   -0.3314347   -0.0354136
   -0.0000000   -0.0000000    1.0000000    1.4580592
   -0.0000000   -0.0000000   -0.0000000    1.0000000

P:
    1.0000000    0.0000000    0.0000000    0.0000000
    0.0000000    0.0000000    1.0000000    0.0000000
    0.0000000    1.0000000    0.0000000    0.0000000
    0.0000000    0.0000000    0.0000000    1.0000000

A:
   -9.7000000    5.2000000   -3.2000000   -0.9000000
    8.0000000    8.2000000   -1.5000000    0.3000000
    1.1000000   -8.3000000   -3.1000000   -8.4000000
    8.0000000   -2.0000000    2.2000000   -9.4000000

A^(-1):
   -0.0618881    0.0245459    0.0606589   -0.0140733
    0.0618151   -0.0528132    0.0396703    0.0425423
   -0.0055726   -0.1588085   -0.1234288    0.1385083
   -0.0671271   -0.0050409    0.0142965   -0.0949950

b:
  -12.5000000  -58.4000000   21.1000000  -27.0000000

x:
    1.0000000    2.0000000    3.0000000    4.0000000
===============

P*A:
   -9.7000000    5.2000000   -3.2000000   -0.9000000
    8.0000000    8.2000000   -1.5000000    0.3000000
    1.1000000   -8.3000000   -3.1000000   -8.4000000
    8.0000000   -2.0000000    2.2000000   -9.4000000

L*U:
   -9.7000000    5.2000000   -3.2000000   -0.9000000
    8.0000000    8.2000000   -1.5000000    0.3000000
    1.1000000   -8.3000000   -3.1000000   -8.4000000
    8.0000000   -2.0000000    2.2000000   -9.4000000

PA - LU:
    0.0000000    0.0000000    0.0000000    0.0000000
    0.0000000    0.0000000    0.0000000    0.0000000
    0.0000000    0.0000000    0.0000000    0.0000000
    0.0000000    0.0000000    0.0000000    0.0000000

Норма несвязки: ||PA - LU|| = 0.0000000

Ax:   -12.5000000  -58.4000000   21.1000000  -27.0000000

Ax-b:    -0.0000000   -0.0000000   -0.0000000    0.0000000

Норма несвязки: ||Ax - b|| = 0.0000000

A*A^(-1):
    1.0000000   -0.0000000   -0.0000000   -0.0000000
    0.0000000    1.0000000    0.0000000    0.0000000
   -0.0000000   -0.0000000    1.0000000    0.0000000
    0.0000000    0.0000000    0.0000000    1.0000000

A*A^(-1) - E:
   -0.0000000   -0.0000000   -0.0000000   -0.0000000
    0.0000000    0.0000000    0.0000000    0.0000000
   -0.0000000   -0.0000000   -0.0000000    0.0000000
    0.0000000    0.0000000    0.0000000    0.0000000

Норма несвязки: ||A*A^(-1) - E|| = 0.0000000

Число обусловленности исходной матррицы 
В кубической норме:      9.208473
В октаэдрической норме:  7.775186
В евклидовой норме:      4.561914
