Вектор x: 
    1.0000000    2.0000000    3.0000000    4.0000000

Исходная матрица А: 
   -7.8000000   -2.4000000   -0.3000000   -3.1000000
   -8.0000000    4.5000000   -9.2000000    2.3000000
   -4.8000000    5.5000000    1.7000000   -9.5000000
   -2.5000000    0.3000000   -8.8000000    7.5000000

Вектор b: 
  -25.9000000  -17.4000000  -26.7000000    1.7000000

Построение матрицы U: 

ШАГ 1

Максимальный элемент в столбце 1: 8.0000000
Меняем местами 1-ю и 2-ю строки 
   -8.0000000    4.5000000   -9.2000000    2.3000000
   -7.8000000   -2.4000000   -0.3000000   -3.1000000
   -4.8000000    5.5000000    1.7000000   -9.5000000
   -2.5000000    0.3000000   -8.8000000    7.5000000

1-ю строку делим на -8.0000000
    1.0000000   -0.5625000    1.1500000   -0.2875000
   -7.8000000   -2.4000000   -0.3000000   -3.1000000
   -4.8000000    5.5000000    1.7000000   -9.5000000
   -2.5000000    0.3000000   -8.8000000    7.5000000

Из 2-й строки вычитаем 1-ю, умноженную на -7.8000000
    1.0000000   -0.5625000    1.1500000   -0.2875000
    0.0000000   -6.7875000    8.6700000   -5.3425000
   -4.8000000    5.5000000    1.7000000   -9.5000000
   -2.5000000    0.3000000   -8.8000000    7.5000000

Из 3-й строки вычитаем 1-ю, умноженную на -4.8000000
    1.0000000   -0.5625000    1.1500000   -0.2875000
    0.0000000   -6.7875000    8.6700000   -5.3425000
    0.0000000    2.8000000    7.2200000  -10.8800000
   -2.5000000    0.3000000   -8.8000000    7.5000000

Из 4-й строки вычитаем 1-ю, умноженную на -2.5000000
    1.0000000   -0.5625000    1.1500000   -0.2875000
    0.0000000   -6.7875000    8.6700000   -5.3425000
    0.0000000    2.8000000    7.2200000  -10.8800000
    0.0000000   -1.1062500   -5.9250000    6.7812500

ШАГ 2

Максимальный элемент в столбце 2: 6.7875000
Перестановка строк не требуется 

2-ю строку делим на -6.7875000
    1.0000000   -0.5625000    1.1500000   -0.2875000
   -0.0000000    1.0000000   -1.2773481    0.7871087
    0.0000000    2.8000000    7.2200000  -10.8800000
    0.0000000   -1.1062500   -5.9250000    6.7812500

Из 3-й строки вычитаем 2-ю, умноженную на 2.8000000
    1.0000000   -0.5625000    1.1500000   -0.2875000
   -0.0000000    1.0000000   -1.2773481    0.7871087
    0.0000000    0.0000000   10.7965746  -13.0839042
    0.0000000   -1.1062500   -5.9250000    6.7812500

Из 4-й строки вычитаем 2-ю, умноженную на -1.1062500
    1.0000000   -0.5625000    1.1500000   -0.2875000
   -0.0000000    1.0000000   -1.2773481    0.7871087
    0.0000000    0.0000000   10.7965746  -13.0839042
    0.0000000    0.0000000   -7.3380663    7.6519890

ШАГ 3

Максимальный элемент в столбце 3: 10.7965746
Перестановка строк не требуется 

3-ю строку делим на 10.7965746
    1.0000000   -0.5625000    1.1500000   -0.2875000
   -0.0000000    1.0000000   -1.2773481    0.7871087
    0.0000000    0.0000000    1.0000000   -1.2118570
    0.0000000    0.0000000   -7.3380663    7.6519890

Из 4-й строки вычитаем 3-ю, умноженную на -7.3380663
    1.0000000   -0.5625000    1.1500000   -0.2875000
   -0.0000000    1.0000000   -1.2773481    0.7871087
    0.0000000    0.0000000    1.0000000   -1.2118570
    0.0000000    0.0000000    0.0000000   -1.2406979

ШАГ 4

Максимальный элемент в столбце 4: 1.2406979
Перестановка строк не требуется 

4-ю строку делим на -1.2406979
    1.0000000   -0.5625000    1.1500000   -0.2875000
   -0.0000000    1.0000000   -1.2773481    0.7871087
    0.0000000    0.0000000    1.0000000   -1.2118570
   -0.0000000   -0.0000000   -0.0000000    1.0000000

Вычисляем матрицу L: 

ШАГ 1

Ставим на позицию (1,1) матрицы L, элемент -8.0000000, 
который берем с той же позиции матрицы А 
   -8.0000000    0.0000000    0.0000000    0.0000000
    0.0000000    0.0000000    0.0000000    0.0000000
    0.0000000    0.0000000    0.0000000    0.0000000
    0.0000000    0.0000000    0.0000000    0.0000000

ШАГ 2

Ставим на позицию (2,1) матрицы L, элемент -7.8000000, 
который берем с той же позиции матрицы А 
   -8.0000000    0.0000000    0.0000000    0.0000000
   -7.8000000    0.0000000    0.0000000    0.0000000
    0.0000000    0.0000000    0.0000000    0.0000000
    0.0000000    0.0000000    0.0000000    0.0000000

Ставим на позицию (2,2) матрицы L, элемент -2.4000000, 
который берем с той же позиции матрицы А 
   -8.0000000    0.0000000    0.0000000    0.0000000
   -7.8000000   -2.4000000    0.0000000    0.0000000
    0.0000000    0.0000000    0.0000000    0.0000000
    0.0000000    0.0000000    0.0000000    0.0000000

Вычитаем из L(2,2) = -2.4000000 произведение L(2,1)*U(1,2) = (-7.8000000)*(-0.5625000)
   -8.0000000    0.0000000    0.0000000    0.0000000
   -7.8000000   -6.7875000    0.0000000    0.0000000
    0.0000000    0.0000000    0.0000000    0.0000000
    0.0000000    0.0000000    0.0000000    0.0000000

ШАГ 3

Ставим на позицию (3,1) матрицы L, элемент -4.8000000, 
который берем с той же позиции матрицы А 
   -8.0000000    0.0000000    0.0000000    0.0000000
   -7.8000000   -6.7875000    0.0000000    0.0000000
   -4.8000000    0.0000000    0.0000000    0.0000000
    0.0000000    0.0000000    0.0000000    0.0000000

Ставим на позицию (3,2) матрицы L, элемент 5.5000000, 
который берем с той же позиции матрицы А 
   -8.0000000    0.0000000    0.0000000    0.0000000
   -7.8000000   -6.7875000    0.0000000    0.0000000
   -4.8000000    5.5000000    0.0000000    0.0000000
    0.0000000    0.0000000    0.0000000    0.0000000

Вычитаем из L(3,2) = 5.5000000 произведение L(3,1)*U(1,2) = (-4.8000000)*(-0.5625000)
   -8.0000000    0.0000000    0.0000000    0.0000000
   -7.8000000   -6.7875000    0.0000000    0.0000000
   -4.8000000    2.8000000    0.0000000    0.0000000
    0.0000000    0.0000000    0.0000000    0.0000000

Ставим на позицию (3,3) матрицы L, элемент 1.7000000, 
который берем с той же позиции матрицы А 
   -8.0000000    0.0000000    0.0000000    0.0000000
   -7.8000000   -6.7875000    0.0000000    0.0000000
   -4.8000000    2.8000000    1.7000000    0.0000000
    0.0000000    0.0000000    0.0000000    0.0000000

Вычитаем из L(3,3) = 1.7000000 произведение L(3,1)*U(1,3) = (-4.8000000)*(1.1500000)
   -8.0000000    0.0000000    0.0000000    0.0000000
   -7.8000000   -6.7875000    0.0000000    0.0000000
   -4.8000000    2.8000000    7.2200000    0.0000000
    0.0000000    0.0000000    0.0000000    0.0000000

Вычитаем из L(3,3) = 7.2200000 произведение L(3,2)*U(2,3) = (2.8000000)*(-1.2773481)
   -8.0000000    0.0000000    0.0000000    0.0000000
   -7.8000000   -6.7875000    0.0000000    0.0000000
   -4.8000000    2.8000000   10.7965746    0.0000000
    0.0000000    0.0000000    0.0000000    0.0000000

ШАГ 4

Ставим на позицию (4,1) матрицы L, элемент -2.5000000, 
который берем с той же позиции матрицы А 
   -8.0000000    0.0000000    0.0000000    0.0000000
   -7.8000000   -6.7875000    0.0000000    0.0000000
   -4.8000000    2.8000000   10.7965746    0.0000000
   -2.5000000    0.0000000    0.0000000    0.0000000

Ставим на позицию (4,2) матрицы L, элемент 0.3000000, 
который берем с той же позиции матрицы А 
   -8.0000000    0.0000000    0.0000000    0.0000000
   -7.8000000   -6.7875000    0.0000000    0.0000000
   -4.8000000    2.8000000   10.7965746    0.0000000
   -2.5000000    0.3000000    0.0000000    0.0000000

Вычитаем из L(4,2) = 0.3000000 произведение L(4,1)*U(1,2) = (-2.5000000)*(-0.5625000)
   -8.0000000    0.0000000    0.0000000    0.0000000
   -7.8000000   -6.7875000    0.0000000    0.0000000
   -4.8000000    2.8000000   10.7965746    0.0000000
   -2.5000000   -1.1062500    0.0000000    0.0000000

Ставим на позицию (4,3) матрицы L, элемент -8.8000000, 
который берем с той же позиции матрицы А 
   -8.0000000    0.0000000    0.0000000    0.0000000
   -7.8000000   -6.7875000    0.0000000    0.0000000
   -4.8000000    2.8000000   10.7965746    0.0000000
   -2.5000000   -1.1062500   -8.8000000    0.0000000

Вычитаем из L(4,3) = -8.8000000 произведение L(4,1)*U(1,3) = (-2.5000000)*(1.1500000)
   -8.0000000    0.0000000    0.0000000    0.0000000
   -7.8000000   -6.7875000    0.0000000    0.0000000
   -4.8000000    2.8000000   10.7965746    0.0000000
   -2.5000000   -1.1062500   -5.9250000    0.0000000

Вычитаем из L(4,3) = -5.9250000 произведение L(4,2)*U(2,3) = (-1.1062500)*(-1.2773481)
   -8.0000000    0.0000000    0.0000000    0.0000000
   -7.8000000   -6.7875000    0.0000000    0.0000000
   -4.8000000    2.8000000   10.7965746    0.0000000
   -2.5000000   -1.1062500   -7.3380663    0.0000000

Ставим на позицию (4,4) матрицы L, элемент 7.5000000, 
который берем с той же позиции матрицы А 
   -8.0000000    0.0000000    0.0000000    0.0000000
   -7.8000000   -6.7875000    0.0000000    0.0000000
   -4.8000000    2.8000000   10.7965746    0.0000000
   -2.5000000   -1.1062500   -7.3380663    7.5000000

Вычитаем из L(4,4) = 7.5000000 произведение L(4,1)*U(1,4) = (-2.5000000)*(-0.2875000)
   -8.0000000    0.0000000    0.0000000    0.0000000
   -7.8000000   -6.7875000    0.0000000    0.0000000
   -4.8000000    2.8000000   10.7965746    0.0000000
   -2.5000000   -1.1062500   -7.3380663    6.7812500

Вычитаем из L(4,4) = 6.7812500 произведение L(4,2)*U(2,4) = (-1.1062500)*(0.7871087)
   -8.0000000    0.0000000    0.0000000    0.0000000
   -7.8000000   -6.7875000    0.0000000    0.0000000
   -4.8000000    2.8000000   10.7965746    0.0000000
   -2.5000000   -1.1062500   -7.3380663    7.6519890

Вычитаем из L(4,4) = 7.6519890 произведение L(4,3)*U(3,4) = (-7.3380663)*(-1.2118570)
   -8.0000000    0.0000000    0.0000000    0.0000000
   -7.8000000   -6.7875000    0.0000000    0.0000000
   -4.8000000    2.8000000   10.7965746    0.0000000
   -2.5000000   -1.1062500   -7.3380663   -1.2406979


Ранг исходной матрицы А: 4

Вектор x: 
    1.0000000    2.0000000    3.0000000    4.0000000

Вычисление обратной матрицы: 
Единичная матрица: 
    1.0000000    0.0000000    0.0000000    0.0000000
    0.0000000    1.0000000    0.0000000    0.0000000
    0.0000000    0.0000000    1.0000000    0.0000000
    0.0000000    0.0000000    0.0000000    1.0000000

ШАГ 1

Решим исходную систему, где вектор правых частей равен 1-й строке из матрицы E
Запишем полученный вектор в строку результирующей матрицы
   -0.0351928   -0.1705157   -0.0764569   -0.0946197
    0.0000000    0.0000000    0.0000000    0.0000000
    0.0000000    0.0000000    0.0000000    0.0000000
    0.0000000    0.0000000    0.0000000    0.0000000

ШАГ 2

Решим исходную систему, где вектор правых частей равен 2-й строке из матрицы E
Запишем полученный вектор в строку результирующей матрицы
   -0.0351928   -0.1705157   -0.0764569   -0.0946197
   -0.4604173    0.5369883    0.7225281    0.6728143
    0.0000000    0.0000000    0.0000000    0.0000000
    0.0000000    0.0000000    0.0000000    0.0000000

ШАГ 3

Решим исходную систему, где вектор правых частей равен 3-й строке из матрицы E
Запишем полученный вектор в строку результирующей матрицы
   -0.0351928   -0.1705157   -0.0764569   -0.0946197
   -0.4604173    0.5369883    0.7225281    0.6728143
    0.3315341   -0.2984929   -0.5712449   -0.5478095
    0.0000000    0.0000000    0.0000000    0.0000000

ШАГ 4

Решим исходную систему, где вектор правых частей равен 4-й строке из матрицы E
Запишем полученный вектор в строку результирующей матрицы
   -0.0351928   -0.1705157   -0.0764569   -0.0946197
   -0.4604173    0.5369883    0.7225281    0.6728143
    0.3315341   -0.2984929   -0.5712449   -0.5478095
    0.5465915   -0.6132472   -0.9767543   -0.8059980

ШАГ 5: транспонируем полученную матрицу

   -0.0351928   -0.4604173    0.3315341    0.5465915
   -0.1705157    0.5369883   -0.2984929   -0.6132472
   -0.0764569    0.7225281   -0.5712449   -0.9767543
   -0.0946197    0.6728143   -0.5478095   -0.8059980

Итак, имеем: 
=============== 
L:
   -8.0000000    0.0000000    0.0000000    0.0000000
   -7.8000000   -6.7875000    0.0000000    0.0000000
   -4.8000000    2.8000000   10.7965746    0.0000000
   -2.5000000   -1.1062500   -7.3380663   -1.2406979

U:
    1.0000000   -0.5625000    1.1500000   -0.2875000
   -0.0000000    1.0000000   -1.2773481    0.7871087
    0.0000000    0.0000000    1.0000000   -1.2118570
   -0.0000000   -0.0000000   -0.0000000    1.0000000

P:
    0.0000000    1.0000000    0.0000000    0.0000000
    1.0000000    0.0000000    0.0000000    0.0000000
    0.0000000    0.0000000    1.0000000    0.0000000
    0.0000000    0.0000000    0.0000000    1.0000000

A:
   -8.0000000    4.5000000   -9.2000000    2.3000000
   -7.8000000   -2.4000000   -0.3000000   -3.1000000
   -4.8000000    5.5000000    1.7000000   -9.5000000
   -2.5000000    0.3000000   -8.8000000    7.5000000

A^(-1):
   -0.0351928   -0.4604173    0.3315341    0.5465915
   -0.1705157    0.5369883   -0.2984929   -0.6132472
   -0.0764569    0.7225281   -0.5712449   -0.9767543
   -0.0946197    0.6728143   -0.5478095   -0.8059980

b:
  -25.9000000  -17.4000000  -26.7000000    1.7000000

x:
    1.0000000    2.0000000    3.0000000    4.0000000
===============

P*A:
   -8.0000000    4.5000000   -9.2000000    2.3000000
   -7.8000000   -2.4000000   -0.3000000   -3.1000000
   -4.8000000    5.5000000    1.7000000   -9.5000000
   -2.5000000    0.3000000   -8.8000000    7.5000000

L*U:
   -8.0000000    4.5000000   -9.2000000    2.3000000
   -7.8000000   -2.4000000   -0.3000000   -3.1000000
   -4.8000000    5.5000000    1.7000000   -9.5000000
   -2.5000000    0.3000000   -8.8000000    7.5000000

PA - LU:
    0.0000000    0.0000000    0.0000000    0.0000000
    0.0000000   -0.0000000    0.0000000   -0.0000000
    0.0000000    0.0000000    0.0000000    0.0000000
    0.0000000   -0.0000000    0.0000000    0.0000000

Норма несвязки: ||PA - LU|| = 0.0000000

Ax:   -25.9000000  -17.4000000  -26.7000000    1.7000000

Ax-b:     0.0000000    0.0000000   -0.0000000    0.0000000

Норма несвязки: ||Ax - b|| = 0.0000000

A*A^(-1):
    1.0000000    0.0000000   -0.0000000   -0.0000000
   -0.0000000    1.0000000    0.0000000   -0.0000000
    0.0000000   -0.0000000    1.0000000    0.0000000
   -0.0000000    0.0000000    0.0000000    1.0000000

A*A^(-1) - E:
   -0.0000000    0.0000000   -0.0000000   -0.0000000
   -0.0000000   -0.0000000    0.0000000   -0.0000000
    0.0000000   -0.0000000    0.0000000    0.0000000
   -0.0000000    0.0000000    0.0000000    0.0000000

Норма несвязки: ||A*A^(-1) - E|| = 0.0000000

Число обусловленности исходной матррицы 
В кубической норме:      56.327619
В октаэдрической норме:  67.973850
В евклидовой норме:      36.283895
